1.313890000000000002e+00
1.313810270023890E+00
1.313571158779440E+00
1.313172902240560E+00
1.312615893438390E+00
1.311900682073360E+00
1.311027973972740E+00
1.309998630394060E+00
1.308813667175160E+00
1.307474253731680E+00
1.305981711902970E+00
1.304337514647620E+00
1.302543284589820E+00
1.300600792418010E+00
1.298511955137450E+00
1.296278834178350E+00
1.293903633361480E+00
1.291388696723290E+00
1.288736506202610E+00
1.285949679191280E+00
1.283030965951100E+00
1.279983246899660E+00
1.276809529767710E+00
1.273512946630880E+00
1.270096750818750E+00
1.266564313704120E+00
1.262919121375950E+00
1.259164771198990E+00
1.255304968263590E+00
1.251343521729240E+00
1.247284341065410E+00
1.243131432193340E+00
1.238888893532700E+00
1.234560911956940E+00
1.230151758661350E+00
1.225665784947910E+00
1.221107417931080E+00
1.216481156168760E+00
1.211791565222790E+00
1.207043273153230E+00
1.202240965951100E+00
1.197389382913810E+00
1.192493311968090E+00
1.187557584944850E+00
1.182587072810760E+00
1.177586680861200E+00
1.172561343879320E+00
1.167516021266000E+00
1.162455692145540E+00
1.157385350451840E+00
1.152309999999990E+00
1.147234649548150E+00
1.142164307854450E+00
1.137103978733990E+00
1.132058656120670E+00
1.127033319138790E+00
1.122032927189230E+00
1.117062415055140E+00
1.112126688031900E+00
1.107230617086180E+00
1.102379034048890E+00
1.097576726846760E+00
1.092828434777200E+00
1.088138843831230E+00
1.083512582068910E+00
1.078954215052080E+00
1.074468241338640E+00
1.070059088043050E+00
1.065731106467290E+00
1.061488567806650E+00
1.057335658934580E+00
1.053276478270750E+00
1.049315031736400E+00
1.045455228801000E+00
1.041700878624040E+00
1.038055686295870E+00
1.034523249181240E+00
1.031107053369110E+00
1.027810470232280E+00
1.024636753100330E+00
1.021589034048890E+00
1.018670320808710E+00
1.015883493797380E+00
1.013231303276700E+00
1.010716366638510E+00
1.008341165821640E+00
1.006108044862540E+00
1.004019207581980E+00
1.002076715410170E+00
1.000282485352370E+00
9.986382880970290E-01
9.971457462683190E-01
9.958063328248350E-01
9.946213696059370E-01
9.935920260272580E-01
9.927193179266370E-01
9.920041065616060E-01
9.914470977594340E-01
9.910488412205590E-01
9.905210403184530E-01
9.905050587048780E-01
9.908097299761050E-01
9.910488412205590E-01
9.914470977594340E-01
9.920041065616060E-01
9.927193179266370E-01
9.935920260272580E-01
9.946213696059370E-01
9.958063328248350E-01
9.971457462683190E-01
9.986382880970290E-01
1.000282485352370E+00
1.002076715410170E+00
1.004019207581980E+00
1.006108044862540E+00
1.008341165821640E+00
1.010716366638510E+00
1.013231303276700E+00
1.015883493797380E+00
1.018670320808710E+00
1.021589034048890E+00
1.024636753100330E+00
1.027810470232280E+00
1.031107053369110E+00
1.034523249181240E+00
1.038055686295870E+00
1.041700878624040E+00
1.045455228801000E+00
1.049315031736400E+00
1.053276478270750E+00
1.057335658934580E+00
1.061488567806650E+00
1.065731106467290E+00
1.070059088043050E+00
1.074468241338640E+00
1.078954215052080E+00
1.083512582068910E+00
1.088138843831230E+00
1.092828434777200E+00
1.097576726846760E+00
1.102379034048890E+00
1.107230617086180E+00
1.112126688031900E+00
1.117062415055140E+00
1.122032927189230E+00
1.127033319138790E+00
1.132058656120670E+00
1.137103978733990E+00
1.142164307854450E+00
1.147234649548150E+00
1.152309999999990E+00
1.157385350451840E+00
1.162455692145540E+00
1.167516021266000E+00
1.172561343879320E+00
1.177586680861200E+00
1.182587072810760E+00
1.187557584944850E+00
1.192493311968090E+00
1.197389382913810E+00
1.202240965951100E+00
1.207043273153230E+00
1.211791565222790E+00
1.216481156168760E+00
1.221107417931080E+00
1.225665784947910E+00
1.230151758661350E+00
1.234560911956940E+00
1.238888893532700E+00
1.243131432193340E+00
1.247284341065410E+00
1.251343521729240E+00
1.255304968263590E+00
1.259164771198990E+00
1.262919121375950E+00
1.266564313704120E+00
1.270096750818750E+00
1.273512946630880E+00
1.276809529767710E+00
1.279983246899660E+00
1.283030965951100E+00
1.285949679191280E+00
1.288736506202610E+00
1.291388696723290E+00
1.293903633361480E+00
1.296278834178350E+00
1.298511955137450E+00
1.300600792418010E+00
1.302543284589820E+00
1.304337514647620E+00
1.305981711902970E+00
1.307474253731680E+00
1.308813667175160E+00
1.309998630394060E+00
1.311027973972740E+00
1.311900682073360E+00
1.312615893438390E+00
1.313172902240560E+00
1.313571158779440E+00
1.313810270023890E+00
1.313890000000000E+00
