-2.036300000000004495e-01
-2.035036107790570E-01
-2.031237623848630E-01
-2.024886044950920E-01
-2.015956881770380E-01
-2.004428813105170E-01
-1.990296316501080E-01
-1.973584332276870E-01
-1.954341704572230E-01
-1.932642132935080E-01
-1.908600814817530E-01
-1.882331876942120E-01
-1.853940275064320E-01
-1.823543917496440E-01
-1.791256279260510E-01
-1.757188375876110E-01
-1.721461831192730E-01
-1.684236564377370E-01
-1.645697954518130E-01
-1.606028667761390E-01
-1.565374779235650E-01
-1.523875536638390E-01
-1.481665730668440E-01
-1.438874055563940E-01
-1.395624849334590E-01
-1.352048827273400E-01
-1.308278847095810E-01
-1.264443083335150E-01
-1.220662582760560E-01
-1.177051855450010E-01
-1.133714285525910E-01
-1.090737067879900E-01
-1.048197671745980E-01
-1.006175628933500E-01
-9.647532669139660E-02
-9.240062970924340E-02
-8.840074075238570E-02
-8.448242810719530E-02
-8.065153819618550E-02
-7.691232735181150E-02
-7.326801290672000E-02
-6.972197556553790E-02
-6.627921241937650E-02
-6.294446215598810E-02
-5.972180129088280E-02
-5.661461038558270E-02
-5.362560159272520E-02
-5.075551990763250E-02
-4.800328898060890E-02
-4.536765977405530E-02
-4.285120788653420E-02
-4.045846993278700E-02
-3.819281519662730E-02
-3.605317214415090E-02
-3.403665608534780E-02
-3.214064964363860E-02
-3.036437309892860E-02
-2.870710352439010E-02
-2.716790711148720E-02
-2.574583488938310E-02
-2.443955106346700E-02
-2.324640728612110E-02
-2.216235697188210E-02
-2.118320971414410E-02
-2.030622551199960E-02
-1.952943847172010E-02
-1.884992629469410E-02
-1.826137107325490E-02
-1.775649775308580E-02
-1.732935739708400E-02
-1.697656749232240E-02
-1.669470404120070E-02
-1.647747824599720E-02
-1.631653732076340E-02
-1.620358643396500E-02
-1.612910026314590E-02
-1.608408443541030E-02
-1.606221268698240E-02
-1.605974078972430E-02
-1.607159549453340E-02
-1.608591087083030E-02
-1.609158242585440E-02
-1.608454632848520E-02
-1.606555853044100E-02
-1.603443580402870E-02
-1.598884516917740E-02
-1.592840929160210E-02
-1.585895228781970E-02
-1.578732269929750E-02
-1.572606737730670E-02
-1.568997758380760E-02
-1.568347391432530E-02
-1.569675553551050E-02
-1.572147989636640E-02
-1.579211269250360E-02
-1.595308651314810E-02
-1.619409271285450E-02
-1.647149174321090E-02
-1.672757143280300E-02
-1.735666666666660E-02
-1.785333333333330E-02
-1.849160030260860E-02
-1.890056046206570E-02
-1.953212466631390E-02
-2.032088388617300E-02
-2.119431171657130E-02
-2.208948567788890E-02
-2.297425256039520E-02
-2.387400507081340E-02
-2.486090243416360E-02
-2.594076332580760E-02
-2.709425173449720E-02
-2.829453339654540E-02
-2.952052933471130E-02
-3.076926679529100E-02
-3.204526814558190E-02
-3.335985762820340E-02
-3.471728300999550E-02
-3.611269249113780E-02
-3.754135836477730E-02
-3.899912764333150E-02
-4.048345631518170E-02
-4.199350023367740E-02
-4.352966787011370E-02
-4.509356962405860E-02
-4.668558861487540E-02
-4.830464082551730E-02
-4.995008937278640E-02
-5.162183247719330E-02
-5.331993575624380E-02
-5.504435856849580E-02
-5.679543520175230E-02
-5.857392305462800E-02
-6.038076068085530E-02
-6.221634260088650E-02
-6.408111103475260E-02
-6.597574734860710E-02
-6.790112635830510E-02
-6.985782886703920E-02
-7.184619404299540E-02
-7.386665656620790E-02
-7.591974023123790E-02
-7.800599325726990E-02
-8.012587069106510E-02
-8.227982484820520E-02
-8.446831190838950E-02
-8.669176306091770E-02
-8.895038671917980E-02
-9.124415283935090E-02
-9.357294072832100E-02
-9.593652824491060E-02
-9.833458668586500E-02
-1.007667192401820E-01
-1.032323989144520E-01
-1.057309283534440E-01
-1.082614235175220E-01
-1.108227536689560E-01
-1.134134839481030E-01
-1.160319470054790E-01
-1.186762446724790E-01
-1.213442748914640E-01
-1.240342676825010E-01
-1.267446372143810E-01
-1.294734813072740E-01
-1.322185577706700E-01
-1.349772217758880E-01
-1.377462050384290E-01
-1.405218392390390E-01
-1.433001564030860E-01
-1.460769045016310E-01
-1.488479889539860E-01
-1.516096647542000E-01
-1.543578421410480E-01
-1.570880379526870E-01
-1.597955051652770E-01
-1.624759111998560E-01
-1.651247888184550E-01
-1.677371714617370E-01
-1.703076296203270E-01
-1.728300896911620E-01
-1.752978550628690E-01
-1.777040330368450E-01
-1.800416147504360E-01
-1.823045438964280E-01
-1.844898271773060E-01
-1.865938765287920E-01
-1.886117811435720E-01
-1.905366076333450E-01
-1.923554689024740E-01
-1.940555396544550E-01
-1.956266812207820E-01
-1.970630711064270E-01
-1.983738381205250E-01
-1.995659368158180E-01
-2.006365945942380E-01
-2.015725698834700E-01
-2.023396698849200E-01
-2.029211363260560E-01
-2.033216193666350E-01
-2.035540353969020E-01
-2.036299999999990E-01