1.0000000000000000E+00
9.9975332212523400E-01
9.9901353194221900E-01
9.9778135953454800E-01
9.9605802090762700E-01
9.9384521678861800E-01
9.9114513094803200E-01
9.8796042804460800E-01
9.8429425099561900E-01
9.8015021787518800E-01
9.7553241834369100E-01
9.7044540961175100E-01
9.6489421194282500E-01
9.5888430369880700E-01
9.5242161593355000E-01
9.4551252653962700E-01
9.3816385395412800E-01
9.3038285042967600E-01
9.2217719487733900E-01
9.1355498528846700E-01
9.0452473074295100E-01
8.9509534301179300E-01
8.8527612776225800E-01
8.7507677537431100E-01
8.6450735137737400E-01
8.5357828651687200E-01
8.4230036646034000E-01
8.3068472115327300E-01
8.1874281383521600E-01
8.0648642972692700E-01
7.9392766439979100E-01
7.8107891183894700E-01
7.6795285221192400E-01
7.5456243935484600E-01
7.4092088798855800E-01
7.2704166067729500E-01
7.1293845454275300E-01
6.9862518774668600E-01
6.8411598575536000E-01
6.6942516739942400E-01
6.5456723074295100E-01
6.3955683877560100E-01
6.2440880494201800E-01
6.0913807852275200E-01
5.9375972988112200E-01
5.7828893559058600E-01
5.6274096345729900E-01
5.4713115745262500E-01
5.3147492257049600E-01
5.1578770962454200E-01
5.0008499999999900E-01
4.8438229037545700E-01
4.6869507742950300E-01
4.5303884254737400E-01
4.3742903654270000E-01
4.2188106440941200E-01
4.0641027011887700E-01
3.9103192147724700E-01
3.7576119505798100E-01
3.6061316122439800E-01
3.4560276925704800E-01
3.3074483260057500E-01
3.1605401424463900E-01
3.0154481225331300E-01
2.8723154545724600E-01
2.7312833932270400E-01
2.5924911201144000E-01
2.4560756064515300E-01
2.3221714778807400E-01
2.1909108816105200E-01
2.0624233560020800E-01
1.9368357027307200E-01
1.8142718616478300E-01
1.6948527884672600E-01
1.5786963353965900E-01
1.4659171348312700E-01
1.3566264862262500E-01
1.2509322462568800E-01
1.1489387223774100E-01
1.0507465698820600E-01
9.5645269257048100E-02
8.6615014711532300E-02
7.7992805122660100E-02
6.9787149570323400E-02
6.2006146045871900E-02
5.4657473460372000E-02
4.7748384066449800E-02
4.1285696301192500E-02
3.5275788057174700E-02
2.9724590388248300E-02
2.4637581656308200E-02
2.0019782124811000E-02
1.5875749004380300E-02
1.2209571955391000E-02
9.0248690519675800E-03
6.3247832113816900E-03
4.1119790923728100E-03
2.8916000000000000E-03
1.9003999999999900E-03
1.1163999999999900E-03
5.3959999999999800E-04
1.4444444444443300E-05
4.3444444444444400E-04
2.3886404654512800E-03
4.1119790923728100E-03
6.3247832113817400E-03
9.0248690519676400E-03
1.2209571955391000E-02
1.5875749004380300E-02
2.0019782124811000E-02
2.4637581656308300E-02
2.9724590388248300E-02
3.5275788057174900E-02
4.1285696301192600E-02
4.7748384066449800E-02
5.4657473460372100E-02
6.2006146045872000E-02
6.9787149570323600E-02
7.7992805122660200E-02
8.6615014711532400E-02
9.5645269257048200E-02
1.0507465698820600E-01
1.1489387223774100E-01
1.2509322462568800E-01
1.3566264862262500E-01
1.4659171348312700E-01
1.5786963353965900E-01
1.6948527884672600E-01
1.8142718616478300E-01
1.9368357027307200E-01
2.0624233560020800E-01
2.1909108816105200E-01
2.3221714778807500E-01
2.4560756064515300E-01
2.5924911201144100E-01
2.7312833932270400E-01
2.8723154545724600E-01
3.0154481225331300E-01
3.1605401424463900E-01
3.3074483260057500E-01
3.4560276925704800E-01
3.6061316122439900E-01
3.7576119505798100E-01
3.9103192147724700E-01
4.0641027011887700E-01
4.2188106440941200E-01
4.3742903654270100E-01
4.5303884254737500E-01
4.6869507742950300E-01
4.8438229037545700E-01
5.0008499999999900E-01
5.1578770962454200E-01
5.3147492257049600E-01
5.4713115745262500E-01
5.6274096345729900E-01
5.7828893559058600E-01
5.9375972988112200E-01
6.0913807852275200E-01
6.2440880494201800E-01
6.3955683877560100E-01
6.5456723074295100E-01
6.6942516739942500E-01
6.8411598575536000E-01
6.9862518774668600E-01
7.1293845454275300E-01
7.2704166067729500E-01
7.4092088798855900E-01
7.5456243935484700E-01
7.6795285221192500E-01
7.8107891183894700E-01
7.9392766439979200E-01
8.0648642972692700E-01
8.1874281383521600E-01
8.3068472115327300E-01
8.4230036646034000E-01
8.5357828651687300E-01
8.6450735137737500E-01
8.7507677537431100E-01
8.8527612776225800E-01
8.9509534301179300E-01
9.0452473074295200E-01
9.1355498528846700E-01
9.2217719487733900E-01
9.3038285042967600E-01
9.3816385395412800E-01
9.4551252653962800E-01
9.5242161593355000E-01
9.5888430369880700E-01
9.6489421194282500E-01
9.7044540961175100E-01
9.7553241834369100E-01
9.8015021787518900E-01
9.8429425099561900E-01
9.8796042804460800E-01
9.9114513094803200E-01
9.9384521678861800E-01
9.9605802090762700E-01
9.9778135953454800E-01
9.9901353194221900E-01
9.9975332212523400E-01
1.0000000000000000E+00