5.900000000000000E-03
6.031645564524050E-03
6.421341405810100E-03
7.053578989981780E-03
7.903228652976410E-03
8.936673057409160E-03
1.011336238752960E-02
1.138831267610870E-02
1.272017521739000E-02
1.407694044826230E-02
1.543916683444500E-02
1.679068385768120E-02
1.811860092448260E-02
1.942320310358620E-02
2.070874133859860E-02
2.197453798229330E-02
2.322770810697310E-02
2.448134148059130E-02
2.573986881693720E-02
2.700804273718620E-02
2.829478579173120E-02
2.960620124064980E-02
3.094397130705110E-02
3.231110705018820E-02
3.371120325401560E-02
3.514466919858460E-02
3.661132493307390E-02
3.811141093988520E-02
3.964426769008330E-02
4.120787619338580E-02
4.280014540658340E-02
4.441868429963020E-02
4.605944026360240E-02
4.771759934010420E-02
4.938807537147470E-02
5.106569670557940E-02
5.274529426523750E-02
5.442153504888370E-02
5.608905790838340E-02
5.774300618387320E-02
5.937866751894710E-02
6.099126777756970E-02
6.257484076175740E-02
6.412215412555390E-02
6.562587121449290E-02
6.707911748516130E-02
6.847653307500780E-02
6.981318917771950E-02
7.108426660454910E-02
7.228437399797660E-02
7.340790811827490E-02
7.444953877878170E-02
7.540413107871860E-02
7.626673344064470E-02
7.703278909554460E-02
7.769823817256290E-02
7.825967168994710E-02
7.871423128516140E-02
7.905940744669620E-02
7.929160821490250E-02
7.940709431624320E-02
7.940289509958860E-02
7.927688307394070E-02
7.902780275953040E-02
7.865525351386160E-02
7.815884380822950E-02
7.753738977330130E-02
7.679064063676760E-02
7.591920504351510E-02
7.492362165560510E-02
7.380546614424400E-02
7.256727358030920E-02
7.120955182273690E-02
6.973304045265310E-02
6.814045567298920E-02
6.643469034814460E-02
6.461932916419070E-02
6.270027514801120E-02
6.068111723621980E-02
5.856179452951510E-02
5.634614420792870E-02
5.404021975311490E-02
5.164925606304000E-02
4.918296265134740E-02
4.665066409768510E-02
4.404280519316790E-02
4.135603911393550E-02
3.860098277131830E-02
3.579920273966940E-02
3.298172994134470E-02
3.018260145457680E-02
2.734402179660850E-02
2.438243572024740E-02
2.130992751935540E-02
1.820829678503570E-02
1.520339589729120E-02
1.244877724470630E-02
1.046400000000000E-02
8.507999999999990E-03
6.551999999999990E-03
4.595999999999990E-03
-6.200000000000000E-04
-3.880000000000000E-03
-8.897678979730460E-03
-1.176121445440780E-02
-1.493497252818510E-02
-1.815506230864330E-02
-2.121690491235640E-02
-2.403355551763350E-02
-2.671648683357470E-02
-2.948364093314190E-02
-3.231680175977020E-02
-3.514361989300020E-02
-3.789249744942900E-02
-4.053836511169050E-02
-4.309139378344380E-02
-4.558511237717290E-02
-4.802346049879470E-02
-5.038875745298680E-02
-5.266787649733740E-02
-5.485144227167720E-02
-5.693395633674750E-02
-5.891570771781010E-02
-6.079656265545910E-02
-6.256950300126470E-02
-6.422939046941800E-02
-6.577296170090220E-02
-6.719607580343200E-02
-6.849629829898210E-02
-6.967282938380050E-02
-7.072213644113630E-02
-7.164044215175730E-02
-7.242558647468940E-02
-7.307856488560280E-02
-7.360327066351370E-02
-7.400518430433410E-02
-7.427952986498180E-02
-7.440603998993640E-02
-7.436265873145590E-02
-7.415218794633960E-02
-7.384696442954970E-02
-7.353619028348080E-02
-7.328562489057780E-02
-7.298938473269240E-02
-7.247147267510570E-02
-7.156075385652970E-02
-7.027317776859150E-02
-6.878496206210280E-02
-6.728129643683750E-02
-6.586310345298270E-02
-6.446528971448900E-02
-6.300360692224150E-02
-6.140821615384220E-02
-5.968367749342050E-02
-5.785873462240960E-02
-5.596128919339310E-02
-5.400360614756360E-02
-5.198417735854910E-02
-4.990144316977100E-02
-4.775644608707490E-02
-4.555627854503010E-02
-4.330905850007440E-02
-4.102273808194060E-02
-3.870352330344050E-02
-3.635667199843740E-02
-3.398754921292630E-02
-3.160152193084980E-02
-2.920384282500270E-02
-2.679983886304750E-02
-2.439511949066650E-02
-2.199718713388810E-02
-1.961433361358430E-02
-1.725448662509400E-02
-1.492542236696740E-02
-1.263500040556470E-02
-1.039059837158700E-02
-8.199422253300170E-03
-6.072460522865690E-03
-4.021890564515660E-03
-2.057887991352000E-03
-1.928184333551300E-04
1.553999939108820E-03
3.167044689714360E-03
4.634435782817550E-03
5.935124969840130E-03
7.049641577465690E-03
7.968779811008730E-03
8.680074914542860E-03
9.167672456801290E-03
9.432175092062830E-03
9.485174339814380E-03
9.342730722759750E-03
9.034443573074010E-03
8.601054799389160E-03
8.090165362562000E-03
7.551601988924930E-03
7.032730289609640E-03
6.573380719881160E-03
6.211520846673700E-03
5.979790960448720E-03
5.900000000000010E-03