-3.4000000000000000E-02
-3.3985409279698100E-02
-3.3941437245911600E-02
-3.3868283771521300E-02
-3.3766548475169700E-02
-3.3636631102618700E-02
-3.3478931399629800E-02
-3.3294448730607300E-02
-3.3083782714193700E-02
-3.2847932714793300E-02
-3.2587898096810400E-02
-3.2304878097529900E-02
-3.1999872081356200E-02
-3.1674479031336000E-02
-3.1329498438992700E-02
-3.0966529287373200E-02
-3.0587170559524100E-02
-3.0192421619849700E-02
-2.9783881451396900E-02
-2.9362949164331400E-02
-2.8931223741700200E-02
-2.8490104293669200E-02
-2.8040989930404200E-02
-2.7585479634952100E-02
-2.7124972517478800E-02
-2.6661067561031100E-02
-2.6195363748655800E-02
-2.5729260190518800E-02
-2.5264355869666800E-02
-2.4802449642027600E-02
-2.4344940617767100E-02
-2.3893627652812800E-02
-2.3450109730211500E-02
-2.3016185705891000E-02
-2.2593654435778800E-02
-2.2184314775802500E-02
-2.1789765709009000E-02
-2.1412005964206700E-02
-2.1052834397323300E-02
-2.0714249737167100E-02
-2.0397651093904200E-02
-2.0105237069223900E-02
-1.9838606646173000E-02
-1.9599558680679000E-02
-1.9389492282908000E-02
-1.9210206308787600E-02
-1.9062899995602700E-02
-1.8948972453519500E-02
-1.8869622919822900E-02
-1.8825850758917300E-02
-1.8818455462325900E-02
-1.8848236521572200E-02
-1.8915593682417900E-02
-1.9020926690624700E-02
-1.9168632749571200E-02
-1.9370704232108300E-02
-1.9638334019563500E-02
-1.9979117281409000E-02
-2.0398250712546800E-02
-2.0897932914666200E-02
-2.1476964650482200E-02
-2.2131748208139600E-02
-2.2856087528331900E-02
-2.3641987695825400E-02
-2.4479255193696800E-02
-2.5356897013499400E-02
-2.6263320528144100E-02
-2.7186333491899100E-02
-2.8114543150556200E-02
-2.9036756622787900E-02
-2.9943380010313400E-02
-3.0825618906375500E-02
-3.1676677633025300E-02
-3.2491159622480100E-02
-3.3266266654407700E-02
-3.4000000000000000E-02
-3.4680367286405800E-02
-3.5296975123821200E-02
-3.5852621732578000E-02
-3.6351704316054900E-02
-3.6799819314915700E-02
-3.7202763042704800E-02
-3.7566731558728600E-02
-3.7898520540935900E-02
-3.8204725794394700E-02
-3.8492142997053800E-02
-3.8766768335338700E-02
-3.9034398122793800E-02
-3.9299829308559700E-02
-3.9567459096014900E-02
-3.9840685324133800E-02
-4.0121706594605800E-02
-4.0411322398954200E-02
-4.0708733245655700E-02
-4.1011940405901800E-02
-4.1315947057671300E-02
-4.1613957523015300E-02
-4.1896577776534100E-02
-4.2151215826734200E-02
-4.2372674978713500E-02
-4.2560555486710400E-02
-4.2715257096486600E-02
-4.2837179553803700E-02
-4.2926522731542700E-02
-4.2984685739869400E-02
-4.3011868451664700E-02
-4.3009469977094500E-02
-4.2978489680563100E-02
-4.2920326672236400E-02
-4.2835980316518600E-02
-4.2726849723575800E-02
-4.2594733749335400E-02
-4.2440631758201700E-02
-4.2266542478983300E-02
-4.2073465276084400E-02
-4.1863199005432500E-02
-4.1637142777193700E-02
-4.1396895574414600E-02
-4.1143856507261300E-02
-4.0879424685899700E-02
-4.0604999220495700E-02
-4.0322179094096100E-02
-4.0032163543986000E-02
-3.9736151807450400E-02
-3.9435742867536200E-02
-3.9131936088647600E-02
-3.8826130580950500E-02
-3.8519725454610800E-02
-3.8213720074032900E-02
-3.7909513549382500E-02
-3.7608305117944900E-02
-3.7311294017005100E-02
-3.7019879356729100E-02
-3.6735060501521000E-02
-3.6458036688666000E-02
-3.6190406901210800E-02
-3.5932970630678800E-02
-3.5687126987236100E-02
-3.5454075208167600E-02
-3.5234814657877500E-02
-3.5030544573651100E-02
-3.4842064447011600E-02
-3.4670773388125100E-02
-3.4517071142753200E-02
-3.4382356821061800E-02
-3.4266830295931700E-02
-3.4171490931767300E-02
-3.4096738474330300E-02
-3.4043172542263100E-02
-3.4010793135565700E-02
-3.4000000000000000E-02
