0.000000000000000E+00
7.295360150943990E-05
2.928137704419980E-04
6.585811423934370E-04
1.167257624151030E-03
1.816844486906320E-03
2.605343001850820E-03
3.527756346963330E-03
4.581086429031130E-03
5.760336426033040E-03
7.060509515947850E-03
8.475609512350140E-03
1.000063959321870E-02
1.162760484331960E-02
1.335250780503590E-02
1.516735356313380E-02
1.706414720237920E-02
1.903789190075110E-02
2.108059274301540E-02
2.318525417834250E-02
2.534388129149860E-02
2.754947853165380E-02
2.979505034797860E-02
3.207260182523910E-02
3.437513741260550E-02
3.669466219484400E-02
3.902318125672070E-02
4.135369904740580E-02
4.367822065166550E-02
4.598775178986160E-02
4.827529691116450E-02
5.053186173593590E-02
5.274945134894200E-02
5.491907147054470E-02
5.703172782110570E-02
5.907842612098700E-02
6.105117145495460E-02
6.293997017896610E-02
6.473582801338340E-02
6.642875131416410E-02
6.801174453047860E-02
6.947381465388010E-02
7.080696676913480E-02
7.200220659660450E-02
7.305253858545960E-02
7.394896845606190E-02
7.468550002198590E-02
7.525513773240210E-02
7.565188540088500E-02
7.587074620541330E-02
7.590772268837010E-02
7.575881739213850E-02
7.542203158791000E-02
7.489536654687610E-02
7.415683625214360E-02
7.314647883945800E-02
7.180832990218220E-02
7.010441359295480E-02
6.800874643726580E-02
6.551033542666860E-02
6.261517674758850E-02
5.934125895930180E-02
5.571956235834000E-02
5.179006152087270E-02
4.760372403151590E-02
4.321551493250290E-02
3.868339735927940E-02
3.406833254050420E-02
2.942728424721870E-02
2.481621688606040E-02
2.028309994843270E-02
1.587190546812220E-02
1.161661183487300E-02
7.544201887599480E-03
3.668666727961010E-03
0.000000000000000E+00
-3.401836432029220E-03
-6.484875619106240E-03
-9.263108662890390E-03
-1.175852158027490E-02
-1.399909657457850E-02
-1.601381521352410E-02
-1.783365779364320E-02
-1.949260270467980E-02
-2.102362897197380E-02
-2.246071498526930E-02
-2.383384167669360E-02
-2.517199061396950E-02
-2.649914654279870E-02
-2.783729548007460E-02
-2.920342662066920E-02
-3.060853297302910E-02
-3.205661199477130E-02
-3.354366622827880E-02
-3.505970202950920E-02
-3.657973528835650E-02
-3.806978761507680E-02
-3.948288888267060E-02
-4.075607913367090E-02
-4.186337489356760E-02
-4.280277743355220E-02
-4.357628548243310E-02
-4.418589776901890E-02
-4.463261365771360E-02
-4.492342869934720E-02
-4.505934225832370E-02
-4.504734988547280E-02
-4.489244840281580E-02
-4.460163336118220E-02
-4.417990158259340E-02
-4.363424861787900E-02
-4.297366874667710E-02
-4.220315879100890E-02
-4.133271239491680E-02
-4.036732638042200E-02
-3.931599502716270E-02
-3.818571388596850E-02
-3.698447787207330E-02
-3.571928253630690E-02
-3.439712342949880E-02
-3.302499610247880E-02
-3.161089547048070E-02
-3.016081771993010E-02
-2.868075903725230E-02
-2.717871433768120E-02
-2.565968044323800E-02
-2.413065290475250E-02
-2.259862727305430E-02
-2.106860037016450E-02
-1.954756774691290E-02
-1.804152558972490E-02
-1.655647008502590E-02
-1.509939678364550E-02
-1.367530250760510E-02
-1.229018344333000E-02
-1.095203450605410E-02
-9.664853153394440E-03
-8.435634936180580E-03
-7.270376040838020E-03
-6.174073289387940E-03
-5.152722868255780E-03
-4.210322235058500E-03
-3.353866940625760E-03
-2.585355713766040E-03
-1.911784105309020E-03
-1.334151479658930E-03
-8.574546588369790E-04
-4.836923716516290E-04
-2.158627113156030E-04
-5.396567782890080E-05
0.000000000000000E+00
