1.00000000000000000E+00
9.99563277755347000E-01
9.98253111021390000E-01
9.96072497891341000E-01
9.93024436458412000E-01
9.89115922273434000E-01
9.84350952794022000E-01
9.78740521028625000E-01
9.72293621256880000E-01
9.65020247122829000E-01
9.56935389092537000E-01
9.48051039538853000E-01
9.38383188292245000E-01
9.27949823911991000E-01
9.16767935592962000E-01
9.04857510623243000E-01
8.92239535655323000E-01
8.78935996706094000E-01
8.64969879156856000E-01
8.50366167117713000E-01
8.35149844698771000E-01
8.19346895374541000E-01
8.02987300077150000E-01
7.86097042281109000E-01
7.68707102282947000E-01
7.50847461014794000E-01
7.32549098773180000E-01
7.13844994583444000E-01
6.94768127470928000E-01
6.75349477732162000E-01
6.55626021850103000E-01
6.35629739485687000E-01
6.15397607121870000E-01
5.94963603148397000E-01
5.74364704048225000E-01
5.53634888211097000E-01
5.32813130848780000E-01
5.11933410351016000E-01
4.91033702565168000E-01
4.70150983974192000E-01
4.49319232967832000E-01
4.28577424757853000E-01
4.07960537098405000E-01
3.87505546472443000E-01
3.67247430634116000E-01
3.47221167337573000E-01
3.27463733065770000E-01
3.08007107479642000E-01
2.88886268333340000E-01
2.70136193381009000E-01
2.51787862919183000E-01
2.33873256608796000E-01
2.16425353475189000E-01
1.99463141442042000E-01
1.82845710128358000E-01
1.66575058262944000E-01
1.50721141354098000E-01
1.35353914910117000E-01
1.20547331896913000E-01
1.06368349729571000E-01
9.28859245519849000E-02
8.01630163216194000E-02
6.82565888095171000E-02
5.72186089646984000E-02
4.70930488209498000E-02
3.79138867680155000E-02
2.97101043736183000E-02
2.25006895614389000E-02
1.62966353399238000E-02
1.11019391666899000E-02
6.91460231292897000E-03
3.72563049900263000E-03
1.52203198765585000E-03
2.87816948420804000E-04
0.00000000000000000E+00
6.35595761095942000E-04
2.14763410470940000E-03
4.48814553943691000E-03
7.62914786195979000E-03
1.15406601401508000E-02
1.61956995350956000E-02
2.15662838434755000E-02
2.76274289551844000E-02
3.43581482177335000E-02
4.17394537074420000E-02
4.97563549582465000E-02
5.83998576905088000E-02
6.76669638110161000E-02
7.75586726841728000E-02
8.80809804964042000E-02
9.92468789849655000E-02
1.11072357980324000E-01
1.23574406677353000E-01
1.36776010457349000E-01
1.50696157243992000E-01
1.65354834325369000E-01
1.80771029625158000E-01
1.96957734880615000E-01
2.13859985049508000E-01
2.31275908522179000E-01
2.49165530722460000E-01
2.67497871353818000E-01
2.86239951390915000E-01
3.05359791172814000E-01
3.24821413580962000E-01
3.44593838318829000E-01
3.64639089539053000E-01
3.84924188216294000E-01
4.05412157867596000E-01
4.26068020738810000E-01
4.46853800982575000E-01
4.67734520844742000E-01
4.88672204477952000E-01
5.09630874763650000E-01
5.30573555218880000E-01
5.51462269996282000E-01
5.72261041977302000E-01
5.92933894043388000E-01
6.13443849711583000E-01
6.33754931863334000E-01
6.53830164015685000E-01
6.73636567143296000E-01
6.93137164763210000E-01
7.12298977850087000E-01
7.31088028014182000E-01
7.49470336865753000E-01
7.67414924108267000E-01
7.84889810080788000E-01
8.01864014486786000E-01
8.18307556394133000E-01
8.34191454235106000E-01
8.49488725170791000E-01
8.64171386997869000E-01
8.78213456241830000E-01
8.91590948156972000E-01
9.04280877361997000E-01
9.16259259111205000E-01
9.27506106116509000E-01
9.38002430454231000E-01
9.47727245471879000E-01
9.56665560703392000E-01
9.64800386953897000E-01
9.72118732486138000E-01
9.78605606834053000E-01
9.84252015718003000E-01
9.89045966765137000E-01
9.92980464424625000E-01
9.96047513781235000E-01
9.98242118012943000E-01
9.99560279662134000E-01
1.00000000000000000E+00
