1.1819999999999900E+00
1.1819126555510600E+00
1.1816506222042700E+00
1.1812144995782600E+00
1.1806048872916800E+00
1.1798231844546800E+00
1.1788701905588000E+00
1.1777481042057200E+00
1.1764587242513700E+00
1.1750040494245600E+00
1.1733870778185000E+00
1.1716102079077700E+00
1.1696766376584400E+00
1.1675899647823900E+00
1.1653535871185900E+00
1.1629715021246400E+00
1.1604479071310600E+00
1.1577871993412100E+00
1.1549939758313700E+00
1.1520732334235400E+00
1.1490299689397500E+00
1.1458693790749000E+00
1.1425974600154300E+00
1.1392194084562200E+00
1.1357414204565800E+00
1.1321694922029500E+00
1.1285098197546300E+00
1.1247689989166800E+00
1.1209536254941800E+00
1.1170698955464300E+00
1.1131252043700200E+00
1.1091259478971300E+00
1.1050795214243700E+00
1.1009927206296700E+00
1.0968729408096400E+00
1.0927269776422100E+00
1.0885626261697500E+00
1.0843866820702000E+00
1.0802067405130300E+00
1.0760301967948300E+00
1.0718638465935600E+00
1.0677154849515700E+00
1.0635921074196800E+00
1.0595011092944800E+00
1.0554494861268200E+00
1.0514442334675100E+00
1.0474927466131500E+00
1.0436014214959200E+00
1.0397772536666600E+00
1.0360272386762000E+00
1.0323575725838300E+00
1.0287746513217500E+00
1.0252850706950300E+00
1.0218926282884000E+00
1.0185691420256700E+00
1.0153150116525800E+00
1.0121442282708100E+00
1.0090707829820200E+00
1.0061094663793800E+00
1.0032736699459100E+00
1.0005771849103900E+00
9.9803260326432300E-01
9.9565131776190300E-01
9.9344372179293900E-01
9.9141860976418900E-01
9.8958277735360300E-01
9.8794202087472300E-01
9.8650013791228700E-01
9.8525932706798400E-01
9.8422038783333700E-01
9.8338292046258500E-01
9.8274512609980000E-01
9.8230440639753100E-01
9.8205756338968400E-01
9.8199999999999900E-01
9.8212711915221900E-01
9.8242952682094100E-01
9.8289762910788700E-01
9.8352582957239100E-01
9.8430813202803000E-01
9.8523913990701900E-01
9.8631325676869500E-01
9.8752548579103600E-01
9.8887162964354600E-01
9.9034789074148800E-01
9.9195127099164900E-01
9.9367997153810100E-01
9.9553339276220300E-01
9.9751173453683400E-01
9.9961619609928000E-01
1.0018493757969900E+00
1.0042144715960600E+00
1.0067148813354700E+00
1.0093552020914600E+00
1.0121392314487900E+00
1.0150709668650700E+00
1.0181542059250300E+00
1.0213915469761200E+00
1.0247719970099000E+00
1.0282551817044300E+00
1.0318331061444900E+00
1.0354995742707600E+00
1.0392479902781800E+00
1.0430719582345600E+00
1.0469642827161900E+00
1.0509187676637600E+00
1.0549278179078100E+00
1.0589848376432500E+00
1.0630824315735100E+00
1.0672136041477600E+00
1.0713707601965100E+00
1.0755469041689400E+00
1.0797344408955900E+00
1.0839261749527300E+00
1.0881147110437700E+00
1.0922924539992500E+00
1.0964522083954600E+00
1.1005867788086700E+00
1.1046887699423100E+00
1.1087509863726600E+00
1.1127660328031300E+00
1.1167273134286500E+00
1.1206274329526400E+00
1.1244597955700100E+00
1.1282176056028300E+00
1.1318940673731500E+00
1.1354829848216500E+00
1.1389779620161500E+00
1.1423728028973500E+00
1.1456615112788200E+00
1.1488382908470200E+00
1.1518977450341500E+00
1.1548342773995700E+00
1.1576426912483600E+00
1.1603181896313900E+00
1.1628561754723900E+00
1.1652518518222400E+00
1.1675012212233000E+00
1.1696004860908400E+00
1.1715454490943700E+00
1.1733331121406700E+00
1.1749600773907700E+00
1.1764237464972200E+00
1.1777211213668100E+00
1.1788504031436000E+00
1.1798091933530200E+00
1.1805960928849200E+00
1.1812095027562400E+00
1.1816484236025800E+00
1.1819120559324200E+00
1.1819999999999900E+00
